layout_spectrum: 0.155711
typography_spectrum: 0.0002334113
color:
  saturation: 0.2034347
  lightness: 0.6939054
  brandStrength: 0.182645
  rhythmicContrast: 0.4201902
name: Wellness Culture
